0 0.01
0.03 15791.6877
0.06 15826.8239
0.09 15868.5831
0.12 15913.4732
0.15 15951.4621
0.18 15996.3231
0.21 16041.9991
0.24 16086.1154
0.27 16129.368
0.3 16174.3044
0.33 16217.1804
0.36 16258.9825
0.39 16298.7266
0.42 16339.5196
0.45 16381.1596
0.48 16423.0454
0.51 16463.3004
0.54 16501.7831
0.57 16540.4998
0.6 16580.2617
0.63 16618.5467
0.66 16655.7205
0.69 16693.7524
0.72 16730.2441
0.75 16765.6718
0.78 16800.5613
0.81 16834.8961
0.84 16868.4939
0.87 16903.88
0.9 16936.9539
0.93 16969.855
0.96 17003.1914
0.99 17036.1827
1.02 17069.5881
1.05 17102.0248
1.08 17133.6213
1.11 17164.6683
1.14 17195.7611
1.17 17226.8919
1.2 17256.4987
1.23 17286.2714
1.26 17315.893
1.29 17345.1687
1.32 17372.7698
1.35 17400.5177
1.38 17427.472
1.41 17453.7507
1.44 17478.867
1.47 17504.2059
1.5 17528.5462
1.53 17552.0164
1.56 17575.3913
1.59 17597.8985
1.62 17619.7896
1.65 17641.1222
1.68 17661.9106
1.71 17681.7918
1.74 17701.3767
1.77 17720.2082
1.8 17738.2066
1.83 17755.9096
1.86 17772.6294
1.89 17788.8876
1.92 17804.3019
1.95 17818.842
1.98 17832.8923
2.01 17845.9335
2.04 17858.3886
2.07 17870.3212
2.1 17881.3442
2.13 17891.7701
2.16 17901.5747
2.19 17910.4127
2.22 17918.7553
2.25 17926.2896
2.28 17932.9243
2.31 17939.0844
2.34 17944.4066
2.37 17948.9272
2.4 17952.9003
2.43 17955.945
2.46 17958.3026
2.49 17960.0147
2.52 17960.8973
2.55 17961.0895
2.58 17960.5099
2.61 17959.1306
2.64 17957.0257
2.67 17954.2308
2.7 17950.6581
2.73 17946.3171
2.76 17941.3105
2.79 17935.5008
2.82 17929.0596
2.85 17921.7687
2.88 17913.5701
2.91 17264.0811
2.94 16478.6404
2.97 15863.4412
3.0 15184.5079
3.03 14946.0294
3.06 14810.2406
3.09 14675.8811
3.12 14558.4057
3.15 14445.3507
3.18 14337.9904
3.21 14231.6625
3.24 14129.9411
3.27 14036.2873
3.3 13941.5556
3.33 13847.7025
3.36 13757.3462
3.39 13670.3125
3.42 13585.6701
3.45 13498.8773
3.48 13412.24
3.51 13328.8744
3.54 13243.8377
3.57 13168.32
3.6 13041.1044
3.63 12810.5617
3.66 12795.6153
3.69 12780.6125
3.72 12765.3229
3.75 12749.587
3.78 12733.4061
3.81 12716.7815
3.84 12699.7143
3.87 12682.2061
3.9 12664.2581
3.93 12645.8717
3.96 12627.0485
3.99 12607.7899
4.02 12588.0973
4.05 8648.7427
4.08 8636.7745
4.11 8624.5623
4.14 8612.1067
4.17 8599.4086
4.2 8586.4688
4.23 8573.288
4.26 8559.8672
4.29 8546.2071
4.32 8532.3086
4.35 8518.1726
4.38 8503.8
4.41 8489.1915
4.44 8474.3483
4.47 8459.2711
4.5 8443.961
4.53 8428.4188
4.56 8412.6456
4.59 8396.6423
4.62 8380.41
4.65 5094.1274
4.68 5085.1702
4.71 5076.1034
4.74 5066.9275
4.77 5057.6428
4.8 5048.2498
4.83 5038.749
4.86 5029.1407
4.89 5019.4254
4.92 5009.6036
4.95 4999.6757
4.98 4989.6422
5.01 4979.5035
5.04 4969.2602
5.07 4958.9126
5.1 4948.4613
5.13 4937.9068
5.16 0.0

