P14117 152.400305 1905.00381 P 35.121832 44.192126 SRL
0 0.01
0.03 15831.1056
0.06 15865.1571
0.09 15905.8175
0.12 15949.7714
0.15 15989.1268
0.18 16031.1612
0.21 16075.6002
0.24 16119.6692
0.27 16162.6554
0.3 16205.7695
0.33 16248.7666
0.36 16291.1868
0.39 16329.5702
0.42 16369.7696
0.45 16410.0039
0.48 16451.7485
0.51 16491.9231
0.54 16529.5325
0.57 16567.8311
0.6 16606.1237
0.63 16643.46
0.66 16681.8519
0.69 16718.4058
0.72 16754.0073
0.75 16790.7483
0.78 16825.4536
0.81 16858.7694
0.84 16892.7988
0.87 16926.6082
0.9 16960.8526
0.93 16993.044
0.96 17025.2888
0.99 17058.1581
1.02 17090.6196
1.05 17123.0578
1.08 17155.0969
1.11 17185.6935
1.14 17216.2938
1.17 17246.776
1.2 17277.3874
1.23 17306.4613
1.26 17335.7109
1.29 17364.7788
1.32 17393.602
1.35 17420.8772
1.38 17448.1139
1.41 17474.7445
1.44 17500.6062
1.47 17525.3439
1.5 17550.1726
1.53 17574.326
1.56 17597.4626
1.59 17620.5031
1.62 17642.9356
1.65 17664.6875
1.68 17685.781
1.71 17706.5123
1.74 17726.3153
1.77 17745.6449
1.8 17764.5728
1.83 17782.4688
1.86 17800.0866
1.89 17817.0233
1.92 17833.1474
1.95 17848.82
1.98 17863.5403
2.01 17877.6538
2.04 17891.1112
2.07 17903.6584
2.1 17915.7738
2.13 17927.2223
2.16 17937.8528
2.19 17948.0158
2.22 17957.4252
2.25 17965.9912
2.28 17974.0975
2.31 17981.3325
2.34 17987.7871
2.37 17993.7795
2.4 17998.919
2.43 18003.3384
2.46 18007.2153
2.49 18010.2007
2.52 18012.5242
2.55 18014.2429
2.58 18015.1629
2.61 18015.3977
2.64 18014.9208
2.67 18013.6778
2.7 18011.6925
2.73 18009.081
2.76 18005.7504
2.79 18001.6081
2.82 17996.8944
2.85 17991.4169
2.88 17985.2243
2.91 17978.4061
2.94 17970.6478
2.97 17614.9836
3.0 16778.2669
3.03 16201.7597
3.06 15469.8798
3.09 15054.391
3.12 14908.3776
3.15 14783.3581
3.18 14654.4063
3.21 14543.3954
3.24 14433.2991
3.27 14331.7329
3.3 14227.5387
3.33 14131.1165
3.36 14035.4736
3.39 13944.3558
3.42 13852.2066
3.45 13764.5768
3.48 13679.5567
3.51 13591.093
3.54 13510.2524
3.57 13427.789
3.6 13348.1702
3.63 13262.7244
3.66 13184.3946
3.69 13054.7446
3.72 12830.8146
3.75 12816.1348
3.78 12801.3986
3.81 12786.4047
3.84 12770.983
3.87 12755.1345
3.9 12738.8604
3.93 12722.1621
3.96 12705.0407
3.99 12687.4976
4.02 12669.5339
4.05 12651.1512
4.08 12632.3507
4.11 12613.1338
4.14 8646.044
4.17 8634.3809
4.2 8622.4835
4.23 8610.3527
4.26 8597.989
4.29 8585.3932
4.32 8572.5661
4.35 8559.5085
4.38 8546.2211
4.41 8532.7047
4.44 8518.9601
4.47 8504.9881
4.5 8490.7896
4.53 8476.3655
4.56 8461.7164
4.59 8446.8434
4.62 8431.7474
4.65 8416.4291
4.68 8400.8896
4.71 8385.1297
4.74 8369.1504
4.77 5062.2869
4.8 5053.475
4.83 5044.5581
4.86 5035.5366
4.89 5026.4109
4.92 5017.1813
4.95 5007.8484
4.98 4998.4125
5.01 4988.874
5.04 4979.2334
5.07 4969.491
5.1 4959.6474
5.13 4949.7029
5.16 4939.658
5.19 4929.5131
5.22 4919.2687
5.25 4908.9252
5.28 0.0

