0 0.01
0.03 18415.4754
0.06 18458.4409
0.09 18506.8735
0.12 18555.5934
0.15 18608.1796
0.18 18661.9566
0.21 18716.0474
0.24 18768.7434
0.27 18820.486
0.3 18873.4422
0.33 18924.8534
0.36 18973.8663
0.39 19022.6168
0.42 19072.6298
0.45 19122.6434
0.48 19173.7274
0.51 19221.5255
0.54 19266.5791
0.57 19313.8428
0.6 19359.767
0.63 19403.5386
0.66 19447.0214
0.69 19491.1322
0.72 19534.7528
0.75 19579.4146
0.78 19622.2635
0.81 19664.1067
0.84 19705.0462
0.87 19746.3001
0.9 19786.249
0.93 19826.366
0.96 19867.2384
0.99 19906.9085
1.02 19945.064
1.05 19983.8975
1.08 20022.3964
1.11 20061.2342
1.14 20098.4634
1.17 20134.4194
1.2 20170.7445
1.23 20206.8867
1.26 20242.3978
1.29 20276.4899
1.32 20311.137
1.35 20344.7573
1.38 20377.3416
1.41 20409.0386
1.44 20440.8618
1.47 20471.2611
1.5 20500.8514
1.53 20529.8469
1.56 20558.3866
1.59 20585.6309
1.62 20612.6774
1.65 20639.055
1.68 20664.1804
1.71 20689.2506
1.74 20713.3146
1.77 20736.4467
1.8 20759.033
1.83 20780.9022
1.86 20801.8846
1.89 20822.0344
1.92 20841.6146
1.95 20860.0037
1.98 20877.7867
2.01 20894.7946
2.04 20910.7835
2.07 20926.3328
2.1 20940.8356
2.13 20954.464
2.16 20967.3815
2.19 20979.335
2.22 20990.3828
2.25 21000.6678
2.28 21010.0356
2.31 21018.4361
2.34 21025.9619
2.37 21032.654
2.4 21038.5427
2.43 21043.4165
2.46 21047.4831
2.49 21050.8464
2.52 21053.1205
2.55 21054.6169
2.58 21055.3143
2.61 21054.91
2.64 21053.8149
2.67 21051.8602
2.7 21048.9605
2.73 21045.3098
2.76 21040.7413
2.79 21035.1361
2.82 20367.4526
2.85 19456.0839
2.88 18752.8357
2.91 17929.3011
2.94 17633.1508
2.97 17470.7675
3.0 17323.2717
3.03 17189.9786
3.06 17065.4753
3.09 16940.2142
3.12 16823.1969
3.15 16704.0701
3.18 16600.5333
3.21 16489.9808
3.24 16386.8714
3.27 16287.0265
3.3 16186.3872
3.33 16084.4081
3.36 15989.7848
3.39 15895.599
3.42 15805.7324
3.45 15713.9812
3.48 15614.4802
3.51 15441.4954
3.54 15236.2418
3.57 15221.6755
3.6 15207.0027
3.63 15191.8954
3.66 15176.2539
3.69 15160.0795
3.72 15143.3733
3.75 15126.1368
3.78 15108.3713
3.81 15090.0781
3.84 15071.2587
3.87 15051.9146
3.9 15032.0473
3.93 15011.6583
3.96 10331.4226
3.99 10318.9648
4.02 10306.2135
4.05 10293.1695
4.08 10279.8338
4.11 10266.2072
4.14 10252.2904
4.17 10238.0844
4.2 10223.5901
4.23 10208.8083
4.26 10193.74
4.29 10178.3861
4.32 10162.7477
4.35 10146.8256
4.38 10130.6208
4.41 10114.1345
4.44 10097.3675
4.47 10080.321
4.5 10062.9961
4.53 6142.4297
4.56 6132.7561
4.59 6122.9493
4.62 6113.0097
4.65 6102.9377
4.68 6092.7339
4.71 6082.3987
4.74 6071.9326
4.77 6061.3361
4.8 6050.6097
4.83 362.3476
4.86 361.2024
4.89 360.0492
4.92 358.888
4.95 357.7188
4.98 356.5416
5.01 355.3564
5.04 354.1632
5.07 352.9621
5.1 351.7531
5.13 350.5361
5.16 349.3113
5.19 0.0

