
0 0.01
0.03 17628.4843
0.06 17669.286
0.09 17717.3639
0.12 17768.8186
0.15 17812.649
0.18 17863.9515
0.21 17916.4381
0.24 17966.7451
0.27 18016.3142
0.3 18067.7205
0.33 18116.4756
0.36 18164.5872
0.39 18210.3292
0.42 18257.2009
0.45 18305.7077
0.48 18353.5441
0.51 18398.7095
0.54 18443.4681
0.57 18488.3792
0.6 18533.2277
0.63 18578.0449
0.66 18621.1888
0.69 18663.7635
0.72 18706.3223
0.75 18747.6208
0.78 18787.3993
0.81 18827.2312
0.84 18866.9739
0.87 18907.4304
0.9 18945.5965
0.93 18983.7801
0.96 19022.7763
0.99 19061.073
1.02 19099.4197
1.05 19137.401
1.08 19173.1869
1.11 19209.6506
1.14 19245.7661
1.17 19281.747
1.2 19316.1325
1.23 19350.8049
1.26 19385.451
1.29 19418.7356
1.32 19451.4225
1.35 19483.6761
1.38 19515.287
1.41 19545.4485
1.44 19575.1249
1.47 19604.6781
1.5 19632.7414
1.53 19660.7462
1.56 19687.9873
1.59 19714.5625
1.62 19740.3375
1.65 19765.678
1.68 19789.9683
1.71 19813.6569
1.74 19836.8907
1.77 19858.9344
1.8 19880.6682
1.83 19901.5055
1.86 19921.522
1.89 19940.9383
1.92 19959.216
1.95 19976.8892
1.98 19993.6674
2.01 20009.4861
2.04 20024.8902
2.07 20039.2973
2.1 20052.9084
2.13 20065.9636
2.16 20077.9477
2.19 20089.2373
2.22 20099.7743
2.25 20109.2363
2.28 20118.0843
2.31 20126.1467
2.34 20133.2129
2.37 20139.6521
2.4 20145.1561
2.43 20149.7836
2.46 20153.736
2.49 20156.7782
2.52 20158.9836
2.55 20160.3799
2.58 20160.8737
2.61 20160.5155
2.64 20159.4165
2.67 20157.4304
2.7 20154.5702
2.73 20150.9812
2.76 20146.4729
2.79 20141.2565
2.82 20135.104
2.85 20127.9196
2.88 19414.4169
2.91 18552.2861
2.94 17862.6356
2.97 17111.0144
3.0 16871.5528
3.03 16712.8003
3.06 16576.9331
3.09 16442.3695
3.12 16321.6923
3.15 16203.5191
3.18 16091.1828
3.21 15979.785
3.24 15871.6751
3.27 15770.1275
3.3 15666.8438
3.33 15568.1488
3.36 15473.4425
3.39 15378.4297
3.42 15282.651
3.45 15191.2549
3.48 15098.025
3.51 15015.8003
3.54 14920.1759
3.57 14714.9408
3.6 14555.0757
3.63 14539.8063
3.66 14524.5771
3.69 14508.8377
3.72 14492.5894
3.75 14475.8333
3.78 14458.5709
3.81 14440.8035
3.84 14422.5324
3.87 14403.7592
3.9 14384.4853
3.93 14364.7122
3.96 14344.4414
3.99 14323.6746
4.02 9855.9836
4.05 9843.2636
4.08 9830.2646
4.11 9816.9874
4.14 9803.4328
4.17 9789.6017
4.2 9775.4949
4.23 9761.1133
4.26 9746.4578
4.29 9731.5294
4.32 9716.3289
4.35 9700.8573
4.38 9685.1156
4.41 9669.1048
4.44 9652.8258
4.47 9636.2797
4.5 9619.4675
4.53 9602.3903
4.56 9585.0491
4.59 5845.3121
4.62 5835.6299
4.65 5825.8214
4.68 5815.8871
4.71 5805.8275
4.74 5795.643
4.77 5785.3341
4.8 5774.9012
4.83 5764.3449
4.86 5753.6656
4.89 330.0764
4.92 328.9354
4.95 327.7867
4.98 326.6304
5.01 325.4665
5.04 324.2951
5.07 323.1161
5.1 321.9296
5.13 320.7356
5.16 319.5341
5.19 318.3251
5.22 317.1087
5.25 0.0
