P14861 152.400305 2032.004064 P 35.570365 42.410365 Propenheimer
0 7000
0.03 10000
0.06 17285.1711
0.09 17332.2038
0.12 17382.5399
0.15 17425.4175
0.18 17475.6047
0.21 17526.9504
0.24 17576.1637
0.27 17624.6552
0.3 17674.944
0.33 17722.6392
0.36 17769.7049
0.39 17814.4525
0.42 17860.3052
0.45 17907.7576
0.48 17954.554
0.51 17998.7375
0.54 18042.5231
0.57 18086.4579
0.6 18130.3315
0.63 18174.1744
0.66 18216.3804
0.69 18258.0295
0.72 18299.6631
0.75 18340.0638
0.78 18378.9776
0.81 18417.9435
0.84 18456.8223
0.87 18496.3993
0.9 18533.7357
0.93 18571.0893
0.96 18609.2377
0.99 18646.7018
1.02 18684.2149
1.05 18721.3706
1.08 18756.3785
1.11 18792.0495
1.14 18827.3799
1.17 18862.5786
1.2 18896.2166
1.23 18930.1352
1.26 18964.0281
1.29 18996.5892
1.32 19028.5655
1.35 19060.1179
1.38 19091.0416
1.41 19120.5474
1.44 19149.5787
1.47 19178.4894
1.5 19205.9426
1.53 19233.3387
1.56 19259.9876
1.59 19285.9851
1.62 19311.1998
1.65 19335.9893
1.68 19359.7516
1.71 19382.9252
1.74 19405.654
1.77 19427.2185
1.8 19448.4797
1.83 19468.8641
1.86 19488.4454
1.89 19507.4397
1.92 19525.32
1.95 19542.609
1.98 19559.0225
2.01 19574.4973
2.04 19589.5665
2.07 19603.6604
2.1 19616.9756
2.13 19629.747
2.16 19641.4706
2.19 19652.5147
2.22 19662.8226
2.25 19672.079
2.28 19680.7346
2.31 19688.6218
2.34 19695.5344
2.37 19701.8336
2.4 19707.2179
2.43 19711.7448
2.46 19715.6113
2.49 19718.5874
2.52 19720.7448
2.55 19722.1107
2.58 19722.5938
2.61 19722.2435
2.64 19721.1683
2.67 19719.2254
2.7 19716.4274
2.73 19712.9164
2.76 19708.5061
2.79 19703.4031
2.82 19697.3844
2.85 19690.3561
2.88 18992.3644
2.91 18148.9755
2.94 17474.3174
2.97 16739.0359
3.0 16504.7799
3.03 16349.4785
3.06 16216.565
3.09 16084.9267
3.12 15966.8729
3.15 15851.2687
3.18 15741.3744
3.21 15632.3983
3.24 15526.6387
3.27 15427.2986
3.3 15326.2602
3.33 15229.7108
3.36 15137.0633
3.39 15044.116
3.42 14950.4195
3.45 14861.0102
3.48 14769.8071
3.51 14689.3699
3.54 14595.8242
3.57 14395.0508
3.6 14238.661
3.63 14223.7236
3.66 14208.8254
3.69 14193.4282
3.72 14177.5331
3.75 14161.1413
3.78 14144.2541
3.81 14126.873
3.84 14108.9991
3.87 14090.634
3.9 14071.7791
3.93 14052.4358
3.96 14032.6057
3.99 14012.2904
4.02 9641.7231
4.05 9629.2797
4.08 9616.5632
4.11 9603.5747
4.14 9590.3147
4.17 9576.7843
4.2 9562.9841
4.23 9548.9152
4.26 9534.5783
4.29 9519.9744
4.32 9505.1043
4.35 9489.9691
4.38 9474.5696
4.41 9458.9068
4.44 9442.9817
4.47 9426.7954
4.5 9410.3487
4.53 9393.6427
4.56 9376.6785
4.59 5718.2401
4.62 5708.7684
4.65 5699.1731
4.68 5689.4548
4.71 5679.6139
4.74 5669.6507
4.77 5659.5659
4.8 5649.3599
4.83 5639.0331
4.86 5628.586
4.89 322.9008
4.92 321.7846
4.95 320.6609
4.98 319.5297
5.01 318.3912
5.04 317.2452
5.07 316.0919
5.1 314.9312
5.13 313.7631
5.16 312.5877
5.19 311.405
5.22 310.215
5.25 0.0

